Parameter Estimation Task

Problem Description:
Subtask: 
Time-Course Task

Problem Description:
    StepNumber: 100
    StepSize: 0.1
    Duration: 10
    TimeSeriesRequested: 1
    OutputStartTime: 0
    Output Event: 0
    Continue on Simultaneous Events: 0

Method: Deterministic (LSODA)
    Integrate Reduced Model: 0
    Relative Tolerance: 1e-006
    Absolute Tolerance: 1e-012
    Max Internal Steps: 10000


List of Fitting Items:
    1e-06 <= (reaction_1).Km <= 1e+06; Start Value = 27.5004
    Affected Experiments:
      all    Affected Validation Experiments:
      all
    1e-06 <= (reaction_1).V <= 1e+06; Start Value = 5.40025e-006
    Affected Experiments:
      all    Affected Validation Experiments:
      all

Method: Hooke & Jeeves
    Iteration Limit: 50
    Tolerance: 1e-005
    Rho: 0.2

[Function Evaluations]	[Best Value]	[Best Parameters]
1	10499.9	(	27.5004	5.40025e-006	)
4	10499.9	(	22.0003	6.4803e-006	)
6	10499.7	(	11.0002	8.64041e-006	)
8	6500	(	1e-006	1.18806e-005	)
11	6500	(	1e-006	1.51207e-005	)
14	6500	(	1e-006	1.94409e-005	)
41	877.604	(	0.000353005	1.9441e-005	)
44	877.583	(	0.000353005	1.94411e-005	)
47	877.553	(	0.000353005	1.94413e-005	)
50	877.512	(	0.000353005	1.94416e-005	)
53	877.461	(	0.000353005	1.9442e-005	)
56	877.4	(	0.000353005	1.94424e-005	)
59	877.328	(	0.000353005	1.94428e-005	)
62	877.247	(	0.000353005	1.94434e-005	)
65	877.155	(	0.000353005	1.9444e-005	)
68	877.053	(	0.000353005	1.94447e-005	)
71	876.94	(	0.000353005	1.94455e-005	)
74	876.818	(	0.000353005	1.94463e-005	)
77	876.685	(	0.000353005	1.94472e-005	)
80	876.542	(	0.000353005	1.94482e-005	)
83	876.389	(	0.000353005	1.94492e-005	)
86	876.226	(	0.000353005	1.94503e-005	)
89	876.053	(	0.000353005	1.94515e-005	)
92	875.869	(	0.000353005	1.94527e-005	)
95	875.676	(	0.000353005	1.9454e-005	)
98	875.472	(	0.000353005	1.94554e-005	)
101	875.258	(	0.000353005	1.94569e-005	)
104	875.034	(	0.000353005	1.94584e-005	)
107	874.8	(	0.000353005	1.946e-005	)
110	874.555	(	0.000353005	1.94617e-005	)
113	874.301	(	0.000353005	1.94634e-005	)
116	874.036	(	0.000353005	1.94652e-005	)
119	873.761	(	0.000353005	1.9467e-005	)
122	873.476	(	0.000353005	1.9469e-005	)
125	873.181	(	0.000353005	1.9471e-005	)
128	872.876	(	0.000353005	1.94731e-005	)
131	872.561	(	0.000353005	1.94752e-005	)
134	872.236	(	0.000353005	1.94774e-005	)
137	871.901	(	0.000353005	1.94797e-005	)
140	871.555	(	0.000353005	1.9482e-005	)
143	871.2	(	0.000353005	1.94845e-005	)
146	870.835	(	0.000353005	1.94869e-005	)
149	870.459	(	0.000353005	1.94895e-005	)
152	870.074	(	0.000353005	1.94921e-005	)
155	869.678	(	0.000353005	1.94948e-005	)
158	869.273	(	0.000353005	1.94976e-005	)
161	868.857	(	0.000353005	1.95004e-005	)
164	868.432	(	0.000353005	1.95033e-005	)
167	867.997	(	0.000353005	1.95063e-005	)
170	867.551	(	0.000353005	1.95093e-005	)
173	867.096	(	0.000353005	1.95125e-005	)
176	866.631	(	0.000353005	1.95156e-005	)
179	866.156	(	0.000353005	1.95189e-005	)
182	865.671	(	0.000353005	1.95222e-005	)
185	865.176	(	0.000353005	1.95256e-005	)
188	864.671	(	0.000353005	1.9529e-005	)
191	864.157	(	0.000353005	1.95326e-005	)
194	863.632	(	0.000353005	1.95362e-005	)
197	863.098	(	0.000353005	1.95398e-005	)
200	862.554	(	0.000353005	1.95436e-005	)
203	862	(	0.000353005	1.95474e-005	)
206	861.436	(	0.000353005	1.95512e-005	)
209	860.863	(	0.000353005	1.95552e-005	)
212	860.28	(	0.000353005	1.95592e-005	)
215	859.687	(	0.000353005	1.95633e-005	)
218	859.084	(	0.000353005	1.95674e-005	)
221	858.472	(	0.000353005	1.95716e-005	)
224	857.85	(	0.000353005	1.95759e-005	)
227	857.218	(	0.000353005	1.95803e-005	)
230	856.577	(	0.000353005	1.95847e-005	)
233	855.926	(	0.000353005	1.95892e-005	)
236	855.266	(	0.000353005	1.95937e-005	)
239	854.595	(	0.000353005	1.95984e-005	)
242	853.916	(	0.000353005	1.96031e-005	)
245	853.226	(	0.000353005	1.96078e-005	)
248	852.528	(	0.000353005	1.96127e-005	)
251	851.819	(	0.000353005	1.96176e-005	)
254	851.101	(	0.000353005	1.96226e-005	)
257	850.374	(	0.000353005	1.96276e-005	)
260	849.637	(	0.000353005	1.96327e-005	)
263	848.891	(	0.000353005	1.96379e-005	)
266	848.135	(	0.000353005	1.96432e-005	)
269	847.37	(	0.000353005	1.96485e-005	)
272	846.596	(	0.000353005	1.96539e-005	)
275	845.812	(	0.000353005	1.96593e-005	)
278	845.018	(	0.000353005	1.96649e-005	)
281	844.216	(	0.000353005	1.96705e-005	)
284	843.404	(	0.000353005	1.96761e-005	)
287	842.583	(	0.000353005	1.96819e-005	)
290	841.753	(	0.000353005	1.96877e-005	)
293	840.913	(	0.000353005	1.96936e-005	)
296	840.064	(	0.000353005	1.96995e-005	)
299	839.207	(	0.000353005	1.97055e-005	)
302	838.339	(	0.000353005	1.97116e-005	)
305	837.463	(	0.000353005	1.97178e-005	)
308	836.578	(	0.000353005	1.9724e-005	)
311	835.683	(	0.000353005	1.97303e-005	)
314	834.78	(	0.000353005	1.97366e-005	)
317	833.867	(	0.000353005	1.97431e-005	)
320	832.946	(	0.000353005	1.97495e-005	)
323	832.015	(	0.000353005	1.97561e-005	)
326	831.076	(	0.000353005	1.97628e-005	)
329	830.127	(	0.000353005	1.97695e-005	)
332	829.17	(	0.000353005	1.97762e-005	)
335	828.204	(	0.000353005	1.97831e-005	)
338	827.229	(	0.000353005	1.979e-005	)
341	826.245	(	0.000353005	1.9797e-005	)
344	825.252	(	0.000353005	1.9804e-005	)
347	824.251	(	0.000353005	1.98111e-005	)
350	823.24	(	0.000353005	1.98183e-005	)
353	822.221	(	0.000353005	1.98256e-005	)
356	821.194	(	0.000353005	1.98329e-005	)
359	820.158	(	0.000353005	1.98403e-005	)
362	819.113	(	0.000353005	1.98478e-005	)
365	818.059	(	0.000353005	1.98553e-005	)
368	816.997	(	0.000353005	1.98629e-005	)
371	815.926	(	0.000353005	1.98706e-005	)
374	814.847	(	0.000353005	1.98783e-005	)
377	813.759	(	0.000353005	1.98861e-005	)
380	812.663	(	0.000353005	1.9894e-005	)
383	811.558	(	0.000353005	1.9902e-005	)
386	810.445	(	0.000353005	1.991e-005	)
389	809.324	(	0.000353005	1.99181e-005	)
392	808.194	(	0.000353005	1.99262e-005	)
395	807.056	(	0.000353005	1.99345e-005	)
398	805.91	(	0.000353005	1.99427e-005	)
401	804.755	(	0.000353005	1.99511e-005	)
404	803.593	(	0.000353005	1.99595e-005	)
407	802.422	(	0.000353005	1.9968e-005	)
410	801.242	(	0.000353005	1.99766e-005	)
413	800.055	(	0.000353005	1.99853e-005	)
416	798.86	(	0.000353005	1.9994e-005	)
419	797.657	(	0.000353005	2.00027e-005	)
422	796.445	(	0.000353005	2.00116e-005	)
425	795.226	(	0.000353005	2.00205e-005	)
428	793.998	(	0.000353005	2.00295e-005	)
431	792.763	(	0.000353005	2.00386e-005	)
434	791.52	(	0.000353005	2.00477e-005	)
437	790.269	(	0.000353005	2.00569e-005	)
440	789.01	(	0.000353005	2.00661e-005	)
443	787.743	(	0.000353005	2.00755e-005	)
446	786.469	(	0.000353005	2.00849e-005	)
449	785.187	(	0.000353005	2.00943e-005	)
452	783.897	(	0.000353005	2.01039e-005	)
455	782.6	(	0.000353005	2.01135e-005	)
458	781.295	(	0.000353005	2.01232e-005	)
461	779.982	(	0.000353005	2.01329e-005	)
464	778.662	(	0.000353005	2.01427e-005	)
467	777.334	(	0.000353005	2.01526e-005	)
470	775.999	(	0.000353005	2.01626e-005	)
473	774.657	(	0.000353005	2.01726e-005	)
476	773.307	(	0.000353005	2.01827e-005	)
479	771.949	(	0.000353005	2.01928e-005	)
482	770.585	(	0.000353005	2.02031e-005	)
485	769.213	(	0.000353005	2.02134e-005	)
488	767.834	(	0.000353005	2.02237e-005	)
491	766.447	(	0.000353005	2.02342e-005	)
494	765.054	(	0.000353005	2.02447e-005	)
497	763.653	(	0.000353005	2.02553e-005	)
500	762.245	(	0.000353005	2.02659e-005	)
503	760.83	(	0.000353005	2.02766e-005	)
506	759.409	(	0.000353005	2.02874e-005	)
509	757.98	(	0.000353005	2.02982e-005	)
512	756.544	(	0.000353005	2.03092e-005	)
515	755.101	(	0.000353005	2.03202e-005	)
518	753.652	(	0.000353005	2.03312e-005	)
521	752.196	(	0.000353005	2.03423e-005	)
524	750.732	(	0.000353005	2.03535e-005	)
527	749.263	(	0.000353005	2.03648e-005	)
530	747.786	(	0.000353005	2.03762e-005	)
533	746.303	(	0.000353005	2.03876e-005	)
536	744.813	(	0.000353005	2.0399e-005	)
539	743.317	(	0.000353005	2.04106e-005	)
542	741.814	(	0.000353005	2.04222e-005	)
545	740.304	(	0.000353005	2.04339e-005	)
548	738.788	(	0.000353005	2.04456e-005	)
551	737.266	(	0.000353005	2.04574e-005	)
554	735.737	(	0.000353005	2.04693e-005	)
557	734.202	(	0.000353005	2.04813e-005	)
560	732.661	(	0.000353005	2.04933e-005	)
563	731.113	(	0.000353005	2.05054e-005	)
566	729.559	(	0.000353005	2.05176e-005	)
569	727.999	(	0.000353005	2.05298e-005	)
572	726.433	(	0.000353005	2.05421e-005	)
575	724.861	(	0.000353005	2.05545e-005	)
578	723.283	(	0.000353005	2.05669e-005	)
581	721.699	(	0.000353005	2.05794e-005	)
584	720.109	(	0.000353005	2.0592e-005	)
587	718.513	(	0.000353005	2.06047e-005	)
590	716.911	(	0.000353005	2.06174e-005	)
593	715.303	(	0.000353005	2.06302e-005	)
596	713.69	(	0.000353005	2.0643e-005	)
599	712.07	(	0.000353005	2.0656e-005	)
602	710.445	(	0.000353005	2.0669e-005	)
605	708.815	(	0.000353005	2.0682e-005	)
608	707.179	(	0.000353005	2.06952e-005	)
611	705.537	(	0.000353005	2.07084e-005	)
614	703.89	(	0.000353005	2.07216e-005	)
617	702.237	(	0.000353005	2.0735e-005	)
620	700.579	(	0.000353005	2.07484e-005	)
623	698.916	(	0.000353005	2.07619e-005	)
626	697.247	(	0.000353005	2.07754e-005	)
629	695.573	(	0.000353005	2.0789e-005	)
632	693.893	(	0.000353005	2.08027e-005	)
635	692.209	(	0.000353005	2.08165e-005	)
638	690.519	(	0.000353005	2.08303e-005	)
641	688.824	(	0.000353005	2.08442e-005	)
644	687.125	(	0.000353005	2.08581e-005	)
647	685.42	(	0.000353005	2.08722e-005	)
650	683.71	(	0.000353005	2.08863e-005	)
653	681.995	(	0.000353005	2.09005e-005	)
656	680.276	(	0.000353005	2.09147e-005	)
659	678.551	(	0.000353005	2.0929e-005	)
662	676.822	(	0.000353005	2.09434e-005	)
665	675.088	(	0.000353005	2.09578e-005	)
668	673.35	(	0.000353005	2.09723e-005	)
671	671.606	(	0.000353005	2.09869e-005	)
674	669.859	(	0.000353005	2.10016e-005	)
677	668.106	(	0.000353005	2.10163e-005	)
680	666.35	(	0.000353005	2.10311e-005	)
683	664.588	(	0.000353005	2.1046e-005	)
686	662.823	(	0.000353005	2.10609e-005	)
689	661.053	(	0.000353005	2.10759e-005	)
692	659.278	(	0.000353005	2.1091e-005	)
695	657.5	(	0.000353005	2.11061e-005	)
698	655.717	(	0.000353005	2.11213e-005	)
701	653.93	(	0.000353005	2.11366e-005	)
704	652.139	(	0.000353005	2.11519e-005	)
707	650.344	(	0.000353005	2.11673e-005	)
710	648.545	(	0.000353005	2.11828e-005	)
713	646.742	(	0.000353005	2.11984e-005	)
716	644.935	(	0.000353005	2.1214e-005	)
719	643.124	(	0.000353005	2.12297e-005	)
722	641.31	(	0.000353005	2.12454e-005	)
725	639.491	(	0.000353005	2.12613e-005	)
728	637.669	(	0.000353005	2.12772e-005	)
731	635.844	(	0.000353005	2.12931e-005	)
734	634.014	(	0.000353005	2.13092e-005	)
737	632.181	(	0.000353005	2.13253e-005	)
740	630.345	(	0.000353005	2.13415e-005	)
743	628.505	(	0.000353005	2.13577e-005	)
746	626.662	(	0.000353005	2.1374e-005	)
749	624.815	(	0.000353005	2.13904e-005	)
752	622.965	(	0.000353005	2.14068e-005	)
755	621.112	(	0.000353005	2.14234e-005	)
758	619.256	(	0.000353005	2.144e-005	)
761	617.396	(	0.000353005	2.14566e-005	)
764	615.533	(	0.000353005	2.14733e-005	)
767	613.668	(	0.000353005	2.14901e-005	)
770	611.799	(	0.000353005	2.1507e-005	)
773	609.927	(	0.000353005	2.15239e-005	)
776	608.053	(	0.000353005	2.15409e-005	)
779	606.175	(	0.000353005	2.1558e-005	)
782	604.295	(	0.000353005	2.15752e-005	)
785	602.412	(	0.000353005	2.15924e-005	)
788	600.526	(	0.000353005	2.16097e-005	)
791	598.638	(	0.000353005	2.1627e-005	)
794	596.747	(	0.000353005	2.16444e-005	)
797	594.853	(	0.000353005	2.16619e-005	)
800	592.957	(	0.000353005	2.16795e-005	)
803	591.059	(	0.000353005	2.16971e-005	)
806	589.158	(	0.000353005	2.17148e-005	)
809	587.255	(	0.000353005	2.17326e-005	)
812	585.35	(	0.000353005	2.17504e-005	)
815	583.442	(	0.000353005	2.17683e-005	)
818	581.532	(	0.000353005	2.17863e-005	)
821	579.62	(	0.000353005	2.18043e-005	)
824	577.706	(	0.000353005	2.18224e-005	)
827	575.79	(	0.000353005	2.18406e-005	)
830	573.872	(	0.000353005	2.18588e-005	)
833	571.952	(	0.000353005	2.18772e-005	)
836	570.03	(	0.000353005	2.18955e-005	)
839	568.106	(	0.000353005	2.1914e-005	)
842	566.181	(	0.000353005	2.19325e-005	)
845	564.254	(	0.000353005	2.19511e-005	)
848	562.325	(	0.000353005	2.19698e-005	)
851	560.394	(	0.000353005	2.19885e-005	)
854	558.462	(	0.000353005	2.20073e-005	)
857	556.529	(	0.000353005	2.20262e-005	)
860	554.594	(	0.000353005	2.20451e-005	)
863	552.657	(	0.000353005	2.20641e-005	)
866	550.72	(	0.000353005	2.20832e-005	)
869	548.781	(	0.000353005	2.21024e-005	)
872	546.841	(	0.000353005	2.21216e-005	)
875	544.899	(	0.000353005	2.21409e-005	)
878	542.957	(	0.000353005	2.21602e-005	)
881	541.013	(	0.000353005	2.21796e-005	)
884	539.068	(	0.000353005	2.21991e-005	)
887	537.123	(	0.000353005	2.22187e-005	)
890	535.176	(	0.000353005	2.22383e-005	)
893	533.229	(	0.000353005	2.2258e-005	)
896	531.281	(	0.000353005	2.22778e-005	)
899	529.332	(	0.000353005	2.22976e-005	)
902	527.382	(	0.000353005	2.23175e-005	)
905	525.432	(	0.000353005	2.23375e-005	)
908	523.481	(	0.000353005	2.23576e-005	)
911	521.529	(	0.000353005	2.23777e-005	)
914	519.577	(	0.000353005	2.23979e-005	)
917	517.625	(	0.000353005	2.24181e-005	)
920	515.672	(	0.000353005	2.24384e-005	)
923	513.719	(	0.000353005	2.24588e-005	)
926	511.765	(	0.000353005	2.24793e-005	)
929	509.812	(	0.000353005	2.24998e-005	)
932	507.858	(	0.000353005	2.25204e-005	)
935	505.904	(	0.000353005	2.25411e-005	)
938	503.95	(	0.000353005	2.25618e-005	)
941	501.996	(	0.000353005	2.25826e-005	)
944	500.042	(	0.000353005	2.26035e-005	)
947	498.088	(	0.000353005	2.26245e-005	)
950	496.134	(	0.000353005	2.26455e-005	)
953	494.181	(	0.000353005	2.26665e-005	)
956	492.227	(	0.000353005	2.26877e-005	)
959	490.274	(	0.000353005	2.27089e-005	)
962	488.322	(	0.000353005	2.27302e-005	)
965	486.369	(	0.000353005	2.27516e-005	)
968	484.418	(	0.000353005	2.2773e-005	)
971	482.466	(	0.000353005	2.27945e-005	)
974	480.516	(	0.000353005	2.28161e-005	)
977	478.566	(	0.000353005	2.28377e-005	)
980	476.616	(	0.000353005	2.28594e-005	)
983	474.668	(	0.000353005	2.28812e-005	)
986	472.72	(	0.000353005	2.2903e-005	)
989	470.773	(	0.000353005	2.29249e-005	)
992	468.827	(	0.000353005	2.29469e-005	)
995	466.882	(	0.000353005	2.2969e-005	)
998	464.937	(	0.000353005	2.29911e-005	)
1001	462.994	(	0.000353005	2.30133e-005	)
1004	461.052	(	0.000353005	2.30355e-005	)
1007	459.111	(	0.000353005	2.30579e-005	)
1010	457.172	(	0.000353005	2.30803e-005	)
1013	455.233	(	0.000353005	2.31027e-005	)
1016	453.296	(	0.000353005	2.31253e-005	)
1019	451.361	(	0.000353005	2.31479e-005	)
1022	449.426	(	0.000353005	2.31705e-005	)
1025	447.494	(	0.000353005	2.31933e-005	)
1028	445.563	(	0.000353005	2.32161e-005	)
1031	443.633	(	0.000353005	2.3239e-005	)
1034	441.705	(	0.000353005	2.32619e-005	)
1037	439.779	(	0.000353005	2.32849e-005	)
1040	437.854	(	0.000353005	2.3308e-005	)
1043	435.931	(	0.000353005	2.33312e-005	)
1046	434.01	(	0.000353005	2.33544e-005	)
1049	432.091	(	0.000353005	2.33777e-005	)
1052	430.174	(	0.000353005	2.34011e-005	)
1055	428.259	(	0.000353005	2.34245e-005	)
1058	426.346	(	0.000353005	2.3448e-005	)
1061	424.435	(	0.000353005	2.34716e-005	)
1064	422.527	(	0.000353005	2.34952e-005	)
1067	420.62	(	0.000353005	2.35189e-005	)
1070	418.716	(	0.000353005	2.35427e-005	)
1073	416.814	(	0.000353005	2.35665e-005	)
1076	414.914	(	0.000353005	2.35905e-005	)
1079	413.017	(	0.000353005	2.36144e-005	)
1082	411.123	(	0.000353005	2.36385e-005	)
1085	409.231	(	0.000353005	2.36626e-005	)
1088	407.341	(	0.000353005	2.36868e-005	)
1091	405.454	(	0.000353005	2.37111e-005	)
1094	403.57	(	0.000353005	2.37354e-005	)
1097	401.689	(	0.000353005	2.37598e-005	)
1100	399.81	(	0.000353005	2.37843e-005	)
1103	397.934	(	0.000353005	2.38088e-005	)
1106	396.062	(	0.000353005	2.38334e-005	)
1109	394.192	(	0.000353005	2.38581e-005	)
1112	392.325	(	0.000353005	2.38828e-005	)
1115	390.461	(	0.000353005	2.39077e-005	)
1118	388.6	(	0.000353005	2.39325e-005	)
1121	386.743	(	0.000353005	2.39575e-005	)
1124	384.888	(	0.000353005	2.39825e-005	)
1127	383.037	(	0.000353005	2.40076e-005	)
1130	381.189	(	0.000353005	2.40328e-005	)
1133	379.345	(	0.000353005	2.4058e-005	)
1136	377.504	(	0.000353005	2.40833e-005	)
1139	375.666	(	0.000353005	2.41087e-005	)
1142	373.832	(	0.000353005	2.41341e-005	)
1145	372.002	(	0.000353005	2.41596e-005	)
1148	370.175	(	0.000353005	2.41852e-005	)
1151	368.352	(	0.000353005	2.42108e-005	)
1154	366.532	(	0.000353005	2.42365e-005	)
1157	364.716	(	0.000353005	2.42623e-005	)
1160	362.905	(	0.000353005	2.42882e-005	)
1163	361.097	(	0.000353005	2.43141e-005	)
1166	359.292	(	0.000353005	2.43401e-005	)
1169	357.492	(	0.000353005	2.43662e-005	)
1172	355.696	(	0.000353005	2.43923e-005	)
1175	353.904	(	0.000353005	2.44185e-005	)
1178	352.116	(	0.000353005	2.44447e-005	)
1181	350.333	(	0.000353005	2.44711e-005	)
1184	348.553	(	0.000353005	2.44975e-005	)
1187	346.778	(	0.000353005	2.4524e-005	)
1190	345.007	(	0.000353005	2.45505e-005	)
1193	343.241	(	0.000353005	2.45771e-005	)
1196	341.479	(	0.000353005	2.46038e-005	)
1199	339.721	(	0.000353005	2.46305e-005	)
1202	337.968	(	0.000353005	2.46574e-005	)
1205	336.22	(	0.000353005	2.46843e-005	)
1208	334.476	(	0.000353005	2.47112e-005	)
1211	332.737	(	0.000353005	2.47382e-005	)
1214	331.002	(	0.000353005	2.47653e-005	)
1217	329.272	(	0.000353005	2.47925e-005	)
1220	327.548	(	0.000353005	2.48197e-005	)
1223	325.828	(	0.000353005	2.4847e-005	)
1226	324.113	(	0.000353005	2.48744e-005	)
1229	322.402	(	0.000353005	2.49019e-005	)
1232	320.697	(	0.000353005	2.49294e-005	)
1235	318.997	(	0.000353005	2.49569e-005	)
1238	317.302	(	0.000353005	2.49846e-005	)
1241	315.613	(	0.000353005	2.50123e-005	)
1244	313.928	(	0.000353005	2.50401e-005	)
1247	312.249	(	0.000353005	2.5068e-005	)
1250	310.575	(	0.000353005	2.50959e-005	)
1253	308.906	(	0.000353005	2.51239e-005	)
1256	307.243	(	0.000353005	2.51519e-005	)
1259	305.585	(	0.000353005	2.51801e-005	)
1262	303.933	(	0.000353005	2.52083e-005	)
1265	302.286	(	0.000353005	2.52366e-005	)
1268	300.645	(	0.000353005	2.52649e-005	)
1271	299.01	(	0.000353005	2.52933e-005	)
1274	297.38	(	0.000353005	2.53218e-005	)
1277	295.756	(	0.000353005	2.53503e-005	)
1280	294.137	(	0.000353005	2.53789e-005	)
1283	292.525	(	0.000353005	2.54076e-005	)
1286	290.918	(	0.000353005	2.54364e-005	)
1289	289.317	(	0.000353005	2.54652e-005	)
1292	287.723	(	0.000353005	2.54941e-005	)
1295	286.134	(	0.000353005	2.55231e-005	)
1298	284.551	(	0.000353005	2.55521e-005	)
1301	282.974	(	0.000353005	2.55812e-005	)
1304	281.404	(	0.000353005	2.56104e-005	)
1307	279.84	(	0.000353005	2.56396e-005	)
1310	278.282	(	0.000353005	2.56689e-005	)
1313	276.73	(	0.000353005	2.56983e-005	)
1316	275.184	(	0.000353005	2.57277e-005	)
1319	273.645	(	0.000353005	2.57573e-005	)
1322	272.113	(	0.000353005	2.57868e-005	)
1325	270.587	(	0.000353005	2.58165e-005	)
1328	269.067	(	0.000353005	2.58462e-005	)
1331	267.554	(	0.000353005	2.5876e-005	)
1334	266.047	(	0.000353005	2.59059e-005	)
1337	264.547	(	0.000353005	2.59358e-005	)
1340	263.054	(	0.000353005	2.59658e-005	)
1343	261.568	(	0.000353005	2.59959e-005	)
1346	260.088	(	0.000353005	2.6026e-005	)
1349	258.615	(	0.000353005	2.60562e-005	)
1352	257.149	(	0.000353005	2.60865e-005	)
1355	255.69	(	0.000353005	2.61168e-005	)
1358	254.238	(	0.000353005	2.61473e-005	)
1361	252.792	(	0.000353005	2.61777e-005	)
1364	251.354	(	0.000353005	2.62083e-005	)
1367	249.923	(	0.000353005	2.62389e-005	)
1370	248.499	(	0.000353005	2.62696e-005	)
1373	247.082	(	0.000353005	2.63004e-005	)
1376	245.673	(	0.000353005	2.63312e-005	)
1379	244.27	(	0.000353005	2.63621e-005	)
1382	242.875	(	0.000353005	2.63931e-005	)
1385	241.487	(	0.000353005	2.64241e-005	)
1388	240.107	(	0.000353005	2.64552e-005	)
1391	238.734	(	0.000353005	2.64864e-005	)
1394	237.369	(	0.000353005	2.65176e-005	)
1397	236.01	(	0.000353005	2.65489e-005	)
1400	234.66	(	0.000353005	2.65803e-005	)
1403	233.317	(	0.000353005	2.66118e-005	)
1406	231.982	(	0.000353005	2.66433e-005	)
1409	230.654	(	0.000353005	2.66749e-005	)
1412	229.334	(	0.000353005	2.67065e-005	)
1415	228.022	(	0.000353005	2.67383e-005	)
1418	226.717	(	0.000353005	2.67701e-005	)
1421	225.421	(	0.000353005	2.68019e-005	)
1424	224.132	(	0.000353005	2.68339e-005	)
1427	222.851	(	0.000353005	2.68659e-005	)
1430	221.578	(	0.000353005	2.68979e-005	)
1433	220.313	(	0.000353005	2.69301e-005	)
1436	219.056	(	0.000353005	2.69623e-005	)
1439	217.808	(	0.000353005	2.69946e-005	)
1442	216.567	(	0.000353005	2.70269e-005	)
1445	215.334	(	0.000353005	2.70593e-005	)
1448	214.11	(	0.000353005	2.70918e-005	)
1451	212.893	(	0.000353005	2.71244e-005	)
1454	211.685	(	0.000353005	2.7157e-005	)
1457	210.486	(	0.000353005	2.71897e-005	)
1460	209.294	(	0.000353005	2.72225e-005	)
1463	208.111	(	0.000353005	2.72553e-005	)
1466	206.937	(	0.000353005	2.72882e-005	)
1469	205.771	(	0.000353005	2.73212e-005	)
1472	204.613	(	0.000353005	2.73542e-005	)
1475	203.464	(	0.000353005	2.73873e-005	)
1478	202.323	(	0.000353005	2.74205e-005	)
1481	201.191	(	0.000353005	2.74537e-005	)
1484	200.068	(	0.000353005	2.74871e-005	)
1487	198.953	(	0.000353005	2.75205e-005	)
1490	197.847	(	0.000353005	2.75539e-005	)
1493	196.749	(	0.000353005	2.75874e-005	)
1496	195.661	(	0.000353005	2.7621e-005	)
1499	194.581	(	0.000353005	2.76547e-005	)
1502	193.51	(	0.000353005	2.76884e-005	)
1505	192.448	(	0.000353005	2.77222e-005	)
1508	191.395	(	0.000353005	2.77561e-005	)
1511	190.351	(	0.000353005	2.779e-005	)
1514	189.316	(	0.000353005	2.7824e-005	)
1517	188.289	(	0.000353005	2.78581e-005	)
1520	187.272	(	0.000353005	2.78923e-005	)
1523	186.264	(	0.000353005	2.79265e-005	)
1526	185.265	(	0.000353005	2.79608e-005	)
1529	184.276	(	0.000353005	2.79951e-005	)
1532	183.295	(	0.000353005	2.80295e-005	)
1535	182.324	(	0.000353005	2.8064e-005	)
1538	181.361	(	0.000353005	2.80986e-005	)
1541	180.409	(	0.000353005	2.81332e-005	)
1544	179.465	(	0.000353005	2.81679e-005	)
1547	178.531	(	0.000353005	2.82027e-005	)
1550	177.606	(	0.000353005	2.82375e-005	)
1553	176.691	(	0.000353005	2.82724e-005	)
1556	175.785	(	0.000353005	2.83074e-005	)
1559	174.889	(	0.000353005	2.83425e-005	)
1562	174.002	(	0.000353005	2.83776e-005	)
1565	173.124	(	0.000353005	2.84128e-005	)
1568	172.257	(	0.000353005	2.8448e-005	)
1571	171.399	(	0.000353005	2.84833e-005	)
1574	170.55	(	0.000353005	2.85187e-005	)
1577	169.711	(	0.000353005	2.85542e-005	)
1580	168.882	(	0.000353005	2.85897e-005	)
1583	168.063	(	0.000353005	2.86253e-005	)
1586	167.253	(	0.000353005	2.8661e-005	)
1589	166.453	(	0.000353005	2.86967e-005	)
1592	165.663	(	0.000353005	2.87325e-005	)
1595	164.883	(	0.000353005	2.87684e-005	)
1598	164.113	(	0.000353005	2.88043e-005	)
1601	163.353	(	0.000353005	2.88404e-005	)
1604	162.602	(	0.000353005	2.88764e-005	)
1607	161.862	(	0.000353005	2.89126e-005	)
1610	161.132	(	0.000353005	2.89488e-005	)
1613	160.411	(	0.000353005	2.89851e-005	)
1616	159.701	(	0.000353005	2.90215e-005	)
1619	159.001	(	0.000353005	2.90579e-005	)
1622	158.311	(	0.000353005	2.90944e-005	)
1625	157.631	(	0.000353005	2.9131e-005	)
1628	156.961	(	0.000353005	2.91676e-005	)
1631	156.302	(	0.000353005	2.92043e-005	)
1634	155.652	(	0.000353005	2.92411e-005	)
1637	155.013	(	0.000353005	2.92779e-005	)
1640	154.384	(	0.000353005	2.93148e-005	)
1643	153.766	(	0.000353005	2.93518e-005	)
1646	153.158	(	0.000353005	2.93889e-005	)
1649	152.56	(	0.000353005	2.9426e-005	)
1652	151.973	(	0.000353005	2.94632e-005	)
1655	151.396	(	0.000353005	2.95004e-005	)
1658	150.829	(	0.000353005	2.95377e-005	)
1661	150.273	(	0.000353005	2.95751e-005	)
1664	149.728	(	0.000353005	2.96126e-005	)
1667	149.193	(	0.000353005	2.96501e-005	)
1670	148.669	(	0.000353005	2.96877e-005	)
1673	148.155	(	0.000353005	2.97254e-005	)
1676	147.651	(	0.000353005	2.97632e-005	)
1679	147.159	(	0.000353005	2.9801e-005	)
1682	146.677	(	0.000353005	2.98388e-005	)
1685	146.205	(	0.000353005	2.98768e-005	)
1688	145.745	(	0.000353005	2.99148e-005	)
1691	145.295	(	0.000353005	2.99529e-005	)
1694	144.856	(	0.000353005	2.99911e-005	)
1697	144.427	(	0.000353005	3.00293e-005	)
1700	144.01	(	0.000353005	3.00676e-005	)
1703	143.603	(	0.000353005	3.01059e-005	)
1706	143.207	(	0.000353005	3.01444e-005	)
1709	142.822	(	0.000353005	3.01829e-005	)
1712	142.448	(	0.000353005	3.02214e-005	)
1715	142.085	(	0.000353005	3.02601e-005	)
1718	141.732	(	0.000353005	3.02988e-005	)
1721	141.391	(	0.000353005	3.03376e-005	)
1724	141.06	(	0.000353005	3.03764e-005	)
1727	140.741	(	0.000353005	3.04153e-005	)
1730	140.432	(	0.000353005	3.04543e-005	)
1733	140.135	(	0.000353005	3.04934e-005	)
1736	139.849	(	0.000353005	3.05325e-005	)
1739	139.573	(	0.000353005	3.05717e-005	)
1742	139.309	(	0.000353005	3.0611e-005	)
1745	139.056	(	0.000353005	3.06503e-005	)
1748	138.814	(	0.000353005	3.06897e-005	)
1751	138.584	(	0.000353005	3.07292e-005	)
1754	138.364	(	0.000353005	3.07687e-005	)
1757	138.156	(	0.000353005	3.08083e-005	)
1760	137.958	(	0.000353005	3.0848e-005	)
1763	137.773	(	0.000353005	3.08877e-005	)
1766	137.598	(	0.000353005	3.09275e-005	)
1769	137.435	(	0.000353005	3.09674e-005	)
1772	137.282	(	0.000353005	3.10074e-005	)
1775	137.142	(	0.000353005	3.10474e-005	)
1778	137.012	(	0.000353005	3.10875e-005	)
1781	136.894	(	0.000353005	3.11277e-005	)
1784	136.787	(	0.000353005	3.11679e-005	)
1787	136.692	(	0.000353005	3.12082e-005	)
1790	136.608	(	0.000353005	3.12485e-005	)
1793	136.536	(	0.000353005	3.1289e-005	)
1796	136.475	(	0.000353005	3.13295e-005	)
1799	136.425	(	0.000353005	3.13701e-005	)
1802	136.387	(	0.000353005	3.14107e-005	)
1805	136.36	(	0.000353005	3.14514e-005	)
1808	136.345	(	0.000353005	3.14922e-005	)
1811	136.341	(	0.000353005	3.15331e-005	)

Parameter Estimation Result:

Objective Function Value:	136.341
Standard Deviation:	11.6765
Function Evaluations:	1821
CPU Time [s]:	0.250
Evaluations/Second [1/s]:	7284

	Parameter	Value	Gradient	Standard Deviation
	(reaction_1).Km:	0.000353005	5054.59	0.146168
	(reaction_1).V:	3.15331e-005	160790	0.0130561

File Name:	C:/Users/mkathana/Dropbox/Study/UWaterloo/Brian/Copasi/MMData.txt
Experiment:	Experiment
Mean:	0.3653
Objective Value:	136.341
Root Mean Square:	6.74145
Row	Time	S.ParticleNumber(Data)	S.ParticleNumber(Fit)	S.ParticleNumber(Weighted Error)	Objective Value	Root Mean Square

1.	5	60	63.9776	3.97765	15.8217	3.97765
2.	10	50	40.9313	-9.0687	82.2413	9.0687
3.	15	20	26.187	6.18695	38.2784	6.18695
Objective Value				136.341
Root Mean Square				6.74145
Weight				1

Fisher Information Matrix:
  Matrix(2x2)
	5.42631e+010	-6.07494e+011
	-6.07494e+011	6.80111e+012

FIM Eigenvalues:
  Matrix(2x1)
	6331
	6.85537e+012

FIM Eigenvectors corresponding to Eigenvalues:
  Matrix(2x2)
	-0.996034	-0.0889686
	-0.0889686	0.996034

Fisher Information Matrix (scaled):
  Matrix(2x2)
	6761.87	-6762.22
	-6762.22	6762.57

FIM Eigenvalues (scaled):
  Matrix(2x1)
	0.000397629
	13524.4

FIM Eigenvectors (scaled) corresponding to Eigenvalues:
  Matrix(2x2)
	-0.707125	-0.707088
	-0.707088	0.707125

Correlation Matrix:
  Matrix(2x2)
	1	1
	1	1



